{
  "meta": {
    "generator": "glb/fbx_loader",
    "source": "../assets/models/rifle_aiming.fbx",
    "unit_scale": 1.0,
    "version": 1
  },
  "skeleton": {
    "bones": [
      {
        "index": 0,
        "inverse_bind": [
          1.0,
          0.0,
          0.0,
          0.0,
          0.0,
          1.0,
          0.0,
          0.0,
          0.0,
          0.0,
          1.0,
          0.0,
          2.2888199964654632e-05,
          -99.75436401367188,
          -3.0078821182250977,
          1.0
        ],
        "name": "mixamorig1:Hips",
        "parent": -1
      },
      {
        "index": 1,
        "inverse_bind": [
          -0.9961639642715454,
          -0.08750419318675995,
          -3.716817409404882e-10,
          0.0,
          0.08735767006874084,
          -0.9944970011711121,
          -0.05783659964799881,
          0.0,
          0.005060942377895117,
          -0.0576147735118866,
          0.9983260035514832,
          0.0,
          -16.301021575927734,
          93.2558364868164,
          3.204664945602417,
          1.0
        ],
        "name": "mixamorig1:RightUpLeg",
        "parent": 0
      },
      {
        "index": 2,
        "inverse_bind": [
          -0.996167004108429,
          0.08747570216655731,
          2.146973016037279e-10,
          0.0,
          -0.08730065077543259,
          -0.994172990322113,
          -0.06323549896478653,
          0.0,
          -0.005531568545848131,
          -0.06299307197332382,
          0.9979989528656006,
          0.0,
          16.297876358032227,
          93.25127410888672,
          3.499325752258301,
          1.0
        ],
        "name": "mixamorig1:LeftUpLeg",
        "parent": 0
      },
      {
        "index": 3,
        "inverse_bind": [
          1.0,
          0.0,
          0.0,
          0.0,
          0.0,
          1.0,
          0.0,
          0.0,
          0.0,
          0.0,
          1.0,
          0.0,
          2.2888199964654632e-05,
          -155.06092834472656,
          0.9211869835853577,
          1.0
        ],
        "name": "mixamorig1:Head",
        "parent": 4
      },
      {
        "index": 4,
        "inverse_bind": [
          1.0,
          0.0,
          0.0,
          0.0,
          0.0,
          1.0,
          0.0,
          0.0,
          0.0,
          0.0,
          1.0,
          0.0,
          2.2888199964654632e-05,
          -148.34072875976563,
          2.893343925476074,
          1.0
        ],
        "name": "mixamorig1:Neck",
        "parent": 7
      },
      {
        "index": 5,
        "inverse_bind": [
          -0.06695619970560074,
          0.9955611824989319,
          -0.06614113599061966,
          0.0,
          -0.11259167641401291,
          -0.07340551912784576,
          -0.9909262657165527,
          0.0,
          -0.9913829565048218,
          -0.05890170484781265,
          0.11700685322284698,
          0.0,
          14.420692443847656,
          -8.265247344970703,
          143.4962921142578,
          1.0
        ],
        "name": "mixamorig1:LeftArm",
        "parent": 6
      },
      {
        "index": 6,
        "inverse_bind": [
          -0.03760384023189545,
          0.9645578265190125,
          -0.26117703318595886,
          0.0,
          -0.12068109959363937,
          -0.2638324201107025,
          -0.9569889307022095,
          0.0,
          -0.9919789433479309,
          -0.004467325750738382,
          0.12632499635219574,
          0.0,
          15.028873443603516,
          32.7535400390625,
          142.30819702148438,
          1.0
        ],
        "name": "mixamorig1:LeftShoulder",
        "parent": 7
      },
      {
        "index": 7,
        "inverse_bind": [
          1.0,
          0.0,
          0.0,
          0.0,
          0.0,
          0.9927051067352295,
          0.12057201564311981,
          0.0,
          0.0,
          -0.12057201564311981,
          0.9927051067352295,
          0.0,
          2.2888201783644035e-05,
          -132.92434692382813,
          -15.013569831848145,
          1.0
        ],
        "name": "mixamorig1:Spine2",
        "parent": 8
      },
      {
        "index": 8,
        "inverse_bind": [
          1.0,
          0.0,
          0.0,
          0.0,
          0.0,
          0.9927051067352295,
          0.12057201564311981,
          0.0,
          0.0,
          -0.12057201564311981,
          0.9927051067352295,
          0.0,
          2.2888201783644035e-05,
          -119.87277221679688,
          -15.013569831848145,
          1.0
        ],
        "name": "mixamorig1:Spine1",
        "parent": 12
      },
      {
        "index": 9,
        "inverse_bind": [
          -0.9968230128288269,
          0.07964679598808289,
          0.00042367997230030596,
          0.0,
          -0.07948848605155945,
          -0.9944779872894287,
          -0.0685264989733696,
          0.0,
          -0.00503657478839159,
          -0.06834251433610916,
          0.9976490139961243,
          0.0,
          15.900984764099121,
          50.568580627441406,
          3.768373966217041,
          1.0
        ],
        "name": "mixamorig1:LeftLeg",
        "parent": 2
      },
      {
        "index": 10,
        "inverse_bind": [
          -0.9962350130081177,
          0.07003770768642426,
          -0.05108843371272087,
          0.0,
          -0.08176683634519577,
          -0.5633591413497925,
          0.8221563100814819,
          0.0,
          0.028800785541534424,
          0.8232389092445374,
          0.5669646859169006,
          0.0,
          16.01963996887207,
          7.054264545440674,
          -5.57886266708374,
          1.0
        ],
        "name": "mixamorig1:LeftFoot",
        "parent": 9
      },
      {
        "index": 11,
        "inverse_bind": [
          -0.9953089356422424,
          0.09532468765974045,
          0.016513999551534653,
          0.0,
          0.01574896089732647,
          -0.008772476576268673,
          0.9998369216918945,
          0.0,
          0.09545400738716125,
          0.9954079389572144,
          0.007230054121464491,
          0.0,
          15.250042915344238,
          -11.717729568481445,
          -1.097364902496338,
          0.9999998807907104
        ],
        "name": "mixamorig1:LeftToeBase",
        "parent": 10
      },
      {
        "index": 12,
        "inverse_bind": [
          1.0,
          0.0,
          0.0,
          0.0,
          0.0,
          0.9927051067352295,
          0.12057201564311981,
          0.0,
          0.0,
          -0.12057201564311981,
          0.9927051067352295,
          0.0,
          2.2888201783644035e-05,
          -108.45263671875,
          -15.013553619384766,
          1.0
        ],
        "name": "mixamorig1:Spine",
        "parent": 0
      },
      {
        "index": 13,
        "inverse_bind": [
          0.04573303088545799,
          0.9984349608421326,
          0.03220198303461075,
          0.0,
          -0.12015116214752197,
          0.03749948367476463,
          -0.9920469522476196,
          0.0,
          -0.9917019009590149,
          0.04150022566318512,
          0.12167797982692719,
          0.0,
          10.514373779296875,
          -49.177154541015625,
          139.33546447753906,
          0.9999999403953552
        ],
        "name": "mixamorig1:LeftForeArm",
        "parent": 5
      },
      {
        "index": 14,
        "inverse_bind": [
          0.09256882965564728,
          0.9939160346984863,
          -0.059682589024305344,
          0.0,
          0.10790274292230606,
          -0.06960044056177139,
          -0.9917219281196594,
          0.0,
          -0.9898420572280884,
          0.08536265790462494,
          -0.1136891171336174,
          0.0,
          -25.07258415222168,
          -56.891151428222656,
          144.66416931152344,
          1.0
        ],
        "name": "mixamorig1:LeftHand",
        "parent": 13
      },
      {
        "index": 15,
        "inverse_bind": [
          0.5786064863204956,
          0.775767982006073,
          -0.25178906321525574,
          0.0,
          0.058439116925001144,
          -0.3473528325557709,
          -0.9359119534492493,
          0.0,
          -0.8135103583335876,
          0.5268100500106812,
          -0.24631604552268982,
          0.0,
          -49.71917724609375,
          -6.101676940917969,
          149.228271484375,
          1.0
        ],
        "name": "mixamorig1:LeftHandThumb1",
        "parent": 14
      },
      {
        "index": 16,
        "inverse_bind": [
          0.08963999897241592,
          0.9632473587989807,
          -0.25321629643440247,
          0.0,
          0.10810744762420654,
          -0.2621476948261261,
          -0.9589534997940063,
          0.0,
          -0.9900901913642883,
          0.05858594924211502,
          -0.12763315439224243,
          0.0,
          -23.849096298217773,
          -42.98879623413086,
          156.10665893554688,
          1.0
        ],
        "name": "mixamorig1:LeftHandMiddle2",
        "parent": 18
      },
      {
        "index": 17,
        "inverse_bind": [
          0.08964002877473831,
          0.9757484793663025,
          -0.19969630241394043,
          0.0,
          0.10810751467943192,
          -0.20885111391544342,
          -0.9719533920288086,
          0.0,
          -0.990090012550354,
          0.0655372217297554,
          -0.12420714646577835,
          0.0,
          -23.839130401611328,
          -54.69057083129883,
          153.32330322265625,
          0.9999998807907104
        ],
        "name": "mixamorig1:LeftHandMiddle3",
        "parent": 16
      },
      {
        "index": 18,
        "inverse_bind": [
          0.08964013308286667,
          0.9845427870750427,
          -0.15046711266040802,
          0.0,
          0.10810769349336624,
          -0.15980097651481628,
          -0.9812117218971252,
          0.0,
          -0.9900900721549988,
          0.07168927043676376,
          -0.12076116353273392,
          0.0,
          -23.839204788208008,
          -55.74216842651367,
          150.71739196777344,
          1.0000001192092896
        ],
        "name": "mixamorig1:LeftHandMiddle1",
        "parent": 14
      },
      {
        "index": 19,
        "inverse_bind": [
          0.20809300243854523,
          0.9423856735229492,
          -0.2619294822216034,
          0.0,
          0.09902931749820709,
          -0.2867148220539093,
          -0.9528838396072388,
          0.0,
          -0.973082959651947,
          0.17234985530376434,
          -0.15298707783222198,
          0.0,
          -29.479692459106445,
          -40.39999771118164,
          155.7833251953125,
          0.9999999403953552
        ],
        "name": "mixamorig1:LeftHandIndex3",
        "parent": 20
      },
      {
        "index": 20,
        "inverse_bind": [
          0.20809288322925568,
          0.954349935054779,
          -0.21427376568317413,
          0.0,
          0.09902940690517426,
          -0.2385004311800003,
          -0.9660801291465759,
          0.0,
          -0.9730830788612366,
          0.17981494963169098,
          -0.14413896203041077,
          0.0,
          -29.486507415771484,
          -45.0911979675293,
          153.55795288085938,
          1.0
        ],
        "name": "mixamorig1:LeftHandIndex2",
        "parent": 21
      },
      {
        "index": 21,
        "inverse_bind": [
          0.20809270441532135,
          0.973327100276947,
          -0.09659969061613083,
          0.0,
          0.09902948141098022,
          -0.11921965330839157,
          -0.9879171252250671,
          0.0,
          -0.9730830788612366,
          0.19601204991340637,
          -0.12119685858488083,
          0.0,
          -29.463388442993164,
          -60.136104583740234,
          146.9330596923828,
          1.0000001192092896
        ],
        "name": "mixamorig1:LeftHandIndex1",
        "parent": 14
      },
      {
        "index": 22,
        "inverse_bind": [
          -0.012868843041360378,
          0.9686490893363953,
          -0.2480994164943695,
          0.0,
          0.11464685201644897,
          -0.2450542002916336,
          -0.9627072215080261,
          0.0,
          -0.9933230876922607,
          -0.040832724422216415,
          -0.1078990250825882,
          0.0,
          -20.983600616455078,
          -41.83165740966797,
          155.5481719970703,
          1.0
        ],
        "name": "mixamorig1:LeftHandPinky1",
        "parent": 14
      },
      {
        "index": 23,
        "inverse_bind": [
          0.04532701149582863,
          0.9525936245918274,
          -0.3008512258529663,
          0.0,
          0.11108214408159256,
          -0.304099440574646,
          -0.9461416602134705,
          0.0,
          -0.9927771091461182,
          0.009466578252613544,
          -0.11959999054670334,
          0.0,
          -23.018491744995117,
          -33.126033782958984,
          157.76724243164063,
          1.0000001192092896
        ],
        "name": "mixamorig1:LeftHandRing1",
        "parent": 14
      },
      {
        "index": 24,
        "inverse_bind": [
          0.045327190309762955,
          0.9724605083465576,
          -0.22861863672733307,
          0.0,
          0.11108274757862091,
          -0.23234105110168457,
          -0.9662706255912781,
          0.0,
          -0.9927769899368286,
          0.018402738496661186,
          -0.11855495721101761,
          0.0,
          -23.012006759643555,
          -47.574310302734375,
          154.63685607910156,
          1.0
        ],
        "name": "mixamorig1:LeftHandRing2",
        "parent": 23
      },
      {
        "index": 25,
        "inverse_bind": [
          -0.012868947349488735,
          0.9458916783332825,
          -0.32422661781311035,
          0.0,
          0.11464668810367584,
          -0.3207191228866577,
          -0.9402104616165161,
          0.0,
          -0.9933230876922607,
          -0.04927099123597145,
          -0.10431607067584991,
          0.0,
          -20.991989135742188,
          -32.07512664794922,
          158.59567260742188,
          1.0
        ],
        "name": "mixamorig1:LeftHandPinky2",
        "parent": 22
      },
      {
        "index": 26,
        "inverse_bind": [
          -0.012868841178715229,
          0.9368140697479248,
          -0.34959155321121216,
          0.0,
          0.11464693397283554,
          -0.3459327220916748,
          -0.9312281012535095,
          0.0,
          -0.9933229684829712,
          -0.0520634651184082,
          -0.10295101255178452,
          0.0,
          -20.989124298095703,
          -29.983932495117188,
          159.4613037109375,
          1.0
        ],
        "name": "mixamorig1:LeftHandPinky3",
        "parent": 25
      },
      {
        "index": 27,
        "inverse_bind": [
          0.04532719403505325,
          0.9734326004981995,
          -0.22444352507591248,
          0.0,
          0.11108279973268509,
          -0.2281925082206726,
          -0.9672585725784302,
          0.0,
          -0.9927768707275391,
          0.01891130395233631,
          -0.11847494542598724,
          0.0,
          -23.01542854309082,
          -50.857704162597656,
          154.42005920410156,
          1.0
        ],
        "name": "mixamorig1:LeftHandRing3",
        "parent": 24
      },
      {
        "index": 28,
        "inverse_bind": [
          0.5786061882972717,
          0.7223640084266663,
          -0.378688782453537,
          0.0,
          0.05843915045261383,
          -0.49982789158821106,
          -0.8641511797904968,
          0.0,
          -0.8135105967521667,
          0.4778730869293213,
          -0.33141785860061646,
          0.0,
          -49.313751220703125,
          15.153255462646484,
          148.79949951171875,
          1.0
        ],
        "name": "mixamorig1:LeftHandThumb2",
        "parent": 15
      },
      {
        "index": 29,
        "inverse_bind": [
          0.5786067247390747,
          0.7226563692092896,
          -0.3781295716762543,
          0.0,
          0.05843963101506233,
          -0.4991592764854431,
          -0.8645373582839966,
          0.0,
          -0.8135102391242981,
          0.4781292974948883,
          -0.3310486972332001,
          0.0,
          -49.276546478271484,
          11.438183784484863,
          148.80841064453125,
          1.0000001192092896
        ],
        "name": "mixamorig1:LeftHandThumb3",
        "parent": 28
      },
      {
        "index": 30,
        "inverse_bind": [
          -0.028401080518960953,
          -0.9645580649375916,
          0.26233673095703125,
          0.0,
          0.12063547968864441,
          -0.26383182406425476,
          -0.9569950103759766,
          0.0,
          0.9922909736633301,
          0.004467423539608717,
          0.12385300546884537,
          0.0,
          -15.02247142791748,
          32.779239654541016,
          142.30177307128906,
          1.0
        ],
        "name": "mixamorig1:RightShoulder",
        "parent": 7
      },
      {
        "index": 31,
        "inverse_bind": [
          -0.07308687269687653,
          -0.9951609969139099,
          0.06567390263080597,
          0.0,
          0.10827400535345078,
          -0.07337822765111923,
          -0.9914090633392334,
          0.0,
          0.991430938243866,
          -0.06534821540117264,
          0.11311298608779907,
          0.0,
          -14.089569091796875,
          -8.269537925720215,
          143.52540588378906,
          1.0
        ],
        "name": "mixamorig1:RightArm",
        "parent": 30
      },
      {
        "index": 32,
        "inverse_bind": [
          -0.9968239665031433,
          -0.07963570207357407,
          -0.0010164002887904644,
          0.0,
          0.07950888574123383,
          -0.994335949420929,
          -0.07053209841251373,
          0.0,
          0.004606230650097132,
          -0.07038888335227966,
          0.9975089430809021,
          0.0,
          -15.902255058288574,
          50.56195831298828,
          3.850252151489258,
          0.9999999403953552
        ],
        "name": "mixamorig1:RightLeg",
        "parent": 1
      },
      {
        "index": 33,
        "inverse_bind": [
          -0.9952430725097656,
          -0.0957259014248848,
          -0.018119098618626595,
          0.0,
          -0.017352256923913956,
          -0.008837386034429073,
          0.9998100399971008,
          0.0,
          -0.09586784988641739,
          0.995369017124176,
          0.00713427783921361,
          0.0,
          -15.241415977478027,
          -11.746659278869629,
          -1.1224209070205688,
          1.0
        ],
        "name": "mixamorig1:RightToeBase",
        "parent": 34
      },
      {
        "index": 34,
        "inverse_bind": [
          -0.996238112449646,
          -0.06970299780368805,
          0.05148398131132126,
          0.0,
          0.08181039243936539,
          -0.5606728792190552,
          0.8239858746528625,
          0.0,
          -0.028568608686327934,
          0.8250981569290161,
          0.5642663240432739,
          0.0,
          -16.021501541137695,
          7.097803115844727,
          -5.558906078338623,
          1.0000001192092896
        ],
        "name": "mixamorig1:RightFoot",
        "parent": 32
      },
      {
        "index": 35,
        "inverse_bind": [
          0.04309115931391716,
          -0.9985359907150269,
          -0.032692261040210724,
          0.0,
          0.11606982350349426,
          0.03750460967421532,
          -0.9925329685211182,
          0.0,
          0.9923059940338135,
          0.03897479176521301,
          0.11751603335142136,
          0.0,
          -10.060220718383789,
          -49.1940803527832,
          139.3627471923828,
          1.0
        ],
        "name": "mixamorig1:RightForeArm",
        "parent": 31
      },
      {
        "index": 36,
        "inverse_bind": [
          0.10245388001203537,
          -0.9928410053253174,
          0.06140192970633507,
          0.0,
          -0.10187263041734695,
          -0.07187461853027344,
          -0.9921979904174805,
          0.0,
          0.9895080924034119,
          0.09539926797151566,
          -0.10850712656974792,
          0.0,
          24.930830001831055,
          -56.45512771606445,
          144.86065673828125,
          1.0
        ],
        "name": "mixamorig1:RightHand",
        "parent": 35
      },
      {
        "index": 37,
        "inverse_bind": [
          0.09963618218898773,
          -0.9889429211616516,
          0.10984212160110474,
          0.0,
          -0.10207565873861313,
          -0.11996793746948242,
          -0.9875158667564392,
          0.0,
          0.9897739887237549,
          0.08718018978834152,
          -0.11290009319782257,
          0.0,
          23.813575744628906,
          -61.53014373779297,
          148.2655792236328,
          1.0
        ],
        "name": "mixamorig1:RightHandMiddle1",
        "parent": 36
      },
      {
        "index": 38,
        "inverse_bind": [
          0.574625551700592,
          -0.7780589461326599,
          0.2538294196128845,
          0.0,
          -0.053748734295368195,
          -0.34535443782806396,
          -0.9369319081306458,
          0.0,
          0.8166493773460388,
          0.5247419476509094,
          -0.2402692586183548,
          0.0,
          48.806854248046875,
          -6.627903938293457,
          149.52024841308594,
          1.0
        ],
        "name": "mixamorig1:RightHandThumb1",
        "parent": 36
      },
      {
        "index": 39,
        "inverse_bind": [
          0.09963633865118027,
          -0.9754118919372559,
          0.19657966494560242,
          0.0,
          -0.10207591950893402,
          -0.20654025673866272,
          -0.9730988144874573,
          0.0,
          0.9897739887237549,
          0.07688996195793152,
          -0.1201450526714325,
          0.0,
          23.816112518310547,
          -54.90944290161133,
          153.24269104003906,
          1.0
        ],
        "name": "mixamorig1:RightHandMiddle3",
        "parent": 40
      },
      {
        "index": 40,
        "inverse_bind": [
          0.09963632375001907,
          -0.9632540941238403,
          0.2494288980960846,
          0.0,
          -0.1020762100815773,
          -0.259248822927475,
          -0.9604013562202454,
          0.0,
          0.9897739887237549,
          0.07023012638092041,
          -0.1241559311747551,
          0.0,
          23.829818725585938,
          -43.253089904785156,
          156.00657653808594,
          1.0
        ],
        "name": "mixamorig1:RightHandMiddle2",
        "parent": 37
      },
      {
        "index": 41,
        "inverse_bind": [
          0.1633138358592987,
          -0.9593534469604492,
          0.23015160858631134,
          0.0,
          -0.09726028889417648,
          -0.24780325591564178,
          -0.9639157056808472,
          0.0,
          0.9817680716514587,
          0.13503625988960266,
          -0.1337766796350479,
          0.0,
          25.518898010253906,
          -44.497013092041016,
          154.57017517089844,
          1.0
        ],
        "name": "mixamorig1:RightHandIndex2",
        "parent": 43
      },
      {
        "index": 42,
        "inverse_bind": [
          0.16331423819065094,
          -0.9600852131843567,
          0.2270803153514862,
          0.0,
          -0.09726021438837051,
          -0.24471724033355713,
          -0.9647042155265808,
          0.0,
          0.981768012046814,
          0.1354641169309616,
          -0.133343905210495,
          0.0,
          25.512311935424805,
          -47.84748840332031,
          154.41787719726563,
          1.0
        ],
        "name": "mixamorig1:RightHandIndex3",
        "parent": 41
      },
      {
        "index": 43,
        "inverse_bind": [
          0.16331368684768677,
          -0.9752838611602783,
          0.14882677793502808,
          0.0,
          -0.0972595065832138,
          -0.16603296995162964,
          -0.9813118577003479,
          0.0,
          0.9817680716514587,
          0.14578688144683838,
          -0.12197111546993256,
          0.0,
          25.506908416748047,
          -54.19486999511719,
          150.29051208496094,
          1.0
        ],
        "name": "mixamorig1:RightHandIndex1",
        "parent": 36
      },
      {
        "index": 44,
        "inverse_bind": [
          0.012951339595019817,
          -0.9793661236763,
          0.20167960226535797,
          0.0,
          -0.1079108789563179,
          -0.20188748836517334,
          -0.9734461903572083,
          0.0,
          0.9940760731697083,
          -0.009155992418527603,
          -0.10829900950193405,
          0.0,
          19.87405776977539,
          -49.6256103515625,
          153.55517578125,
          1.0
        ],
        "name": "mixamorig1:RightHandRing1",
        "parent": 36
      },
      {
        "index": 45,
        "inverse_bind": [
          0.012951395474374294,
          -0.9577410221099854,
          0.2873411178588867,
          0.0,
          -0.10791086405515671,
          -0.2870258390903473,
          -0.9518249034881592,
          0.0,
          0.9940759539604187,
          -0.01867978274822235,
          -0.10706799477338791,
          0.0,
          19.877763748168945,
          -38.688167572021484,
          157.5852813720703,
          0.9999998807907104
        ],
        "name": "mixamorig1:RightHandRing2",
        "parent": 44
      },
      {
        "index": 46,
        "inverse_bind": [
          0.01295127160847187,
          -0.9811509847640991,
          0.1928073614835739,
          0.0,
          -0.10791049897670746,
          -0.19306883215904236,
          -0.9752331376075745,
          0.0,
          0.9940760731697083,
          -0.008175434544682503,
          -0.10837700963020325,
          0.0,
          19.86990737915039,
          -56.50978088378906,
          152.81268310546875,
          0.9999998807907104
        ],
        "name": "mixamorig1:RightHandRing3",
        "parent": 45
      },
      {
        "index": 47,
        "inverse_bind": [
          -0.013401005417108536,
          -0.9730252623558044,
          0.2303113341331482,
          0.0,
          -0.10952138155698776,
          -0.2275179624557495,
          -0.967595100402832,
          0.0,
          0.9938940405845642,
          -0.03819079324603081,
          -0.1035180315375328,
          0.0,
          20.213497161865234,
          -44.772377014160156,
          154.8743438720703,
          0.9999999403953552
        ],
        "name": "mixamorig1:RightHandPinky1",
        "parent": 36
      },
      {
        "index": 48,
        "inverse_bind": [
          -0.01340100821107626,
          -0.9381120204925537,
          0.34607353806495667,
          0.0,
          -0.10952172428369522,
          -0.34264516830444336,
          -0.9330592751502991,
          0.0,
          0.993894100189209,
          -0.050406523048877716,
          -0.09815184026956558,
          0.0,
          20.221603393554688,
          -28.3724308013916,
          159.46484375,
          1.0
        ],
        "name": "mixamorig1:RightHandPinky2",
        "parent": 47
      },
      {
        "index": 49,
        "inverse_bind": [
          -0.01340094767510891,
          -0.9511659741401672,
          0.3083893656730652,
          0.0,
          -0.10952184349298477,
          -0.30516505241394043,
          -0.9459809064865112,
          0.0,
          0.9938939809799194,
          -0.04645239934325218,
          -0.10008397698402405,
          0.0,
          20.216047286987305,
          -36.856224060058594,
          158.1208953857422,
          1.0
        ],
        "name": "mixamorig1:RightHandPinky3",
        "parent": 48
      },
      {
        "index": 50,
        "inverse_bind": [
          0.5746254324913025,
          -0.7221807837486267,
          0.38504624366760254,
          0.0,
          -0.05374877154827118,
          -0.5027623176574707,
          -0.8627517819404602,
          0.0,
          0.8166493773460388,
          0.47506383061408997,
          -0.3277161419391632,
          0.0,
          48.37843322753906,
          15.41649341583252,
          149.10794067382813,
          0.9999998807907104
        ],
        "name": "mixamorig1:RightHandThumb2",
        "parent": 38
      },
      {
        "index": 51,
        "inverse_bind": [
          0.574625551700592,
          -0.7573322057723999,
          0.31024765968322754,
          0.0,
          -0.05374947190284729,
          -0.41318637132644653,
          -0.9090590476989746,
          0.0,
          0.8166491389274597,
          0.5056931376457214,
          -0.27813372015953064,
          0.0,
          48.342044830322266,
          -3.212671995162964,
          149.5464324951172,
          0.9999998807907104
        ],
        "name": "mixamorig1:RightHandThumb3",
        "parent": 50
      }
    ]
  }
}