{
  "bones": [
    {
      "bind_pose": [
        1.0,
        0.0,
        0.0,
        0.0,
        0.0,
        1.0,
        0.0,
        0.0,
        0.0,
        0.0,
        1.0,
        0.0,
        -2.288818359375e-05,
        99.75399780273438,
        3.0078818798065186,
        1.0
      ],
      "name": "mixamorig1:Hips",
      "parent": -1
    },
    {
      "bind_pose": [
        1.0,
        0.0,
        -0.0,
        0.0,
        -0.0,
        0.9927045702934265,
        -0.12057231366634369,
        0.0,
        0.0,
        0.12057231366634369,
        0.9927045702934265,
        0.0,
        0.0,
        9.717269897460938,
        -1.1802451610565186,
        1.0
      ],
      "name": "mixamorig1:Spine",
      "parent": 0
    },
    {
      "bind_pose": [
        -0.9961666464805603,
        -0.0873006209731102,
        -0.005531565751880407,
        0.0,
        0.08747569471597672,
        -0.994172990322113,
        -0.06299305707216263,
        0.0,
        2.0866465499924658e-10,
        -0.06323546171188354,
        0.9979986548423767,
        0.0,
        8.078198432922363,
        -5.402374267578125,
        -0.5358688831329346,
        1.0
      ],
      "name": "mixamorig1:LeftUpLeg",
      "parent": 0
    },
    {
      "bind_pose": [
        -0.9961641430854797,
        0.08735769987106323,
        0.005060946103185415,
        0.0,
        -0.08750417083501816,
        -0.9944966435432434,
        -0.0576147735118866,
        0.0,
        -2.1775810321589262e-10,
        -0.0578366257250309,
        0.9983260631561279,
        0.0,
        -8.078198432922363,
        -5.402374267578125,
        -0.7517697811126709,
        1.0
      ],
      "name": "mixamorig1:RightUpLeg",
      "parent": 0
    },
    {
      "bind_pose": [
        1.0,
        0.0,
        -0.0,
        0.0,
        -0.0,
        1.0,
        -1.403187326332045e-07,
        0.0,
        0.0,
        1.403187326332045e-07,
        1.0,
        0.0,
        0.0,
        11.420137405395508,
        -3.0602546274849374e-08,
        1.0
      ],
      "name": "mixamorig1:Spine1",
      "parent": 1
    },
    {
      "bind_pose": [
        0.9999691247940063,
        -0.007855168543756008,
        -3.6289826699231753e-10,
        0.0,
        0.007855057716369629,
        0.9999549984931946,
        -0.005319405812770128,
        0.0,
        4.178519156994298e-05,
        0.005319241434335709,
        0.9999858736991882,
        0.0,
        7.220751996328545e-09,
        42.78982925415039,
        -1.1878188388436683e-07,
        1.0
      ],
      "name": "mixamorig1:LeftLeg",
      "parent": 2
    },
    {
      "bind_pose": [
        0.9999688863754272,
        0.007889501750469208,
        5.441346262458069e-10,
        0.0,
        -0.007888859137892723,
        0.9998874664306641,
        -0.012762023136019707,
        0.0,
        -0.00010068654955830425,
        0.01276162639260292,
        0.9999185800552368,
        0.0,
        6.232928484450895e-08,
        42.775901794433594,
        -7.691545178545312e-10,
        1.0
      ],
      "name": "mixamorig1:RightLeg",
      "parent": 3
    },
    {
      "bind_pose": [
        1.0,
        0.0,
        0.0,
        0.0,
        0.0,
        1.0,
        8.729338794544576e-26,
        0.0,
        0.0,
        -8.729338794544576e-26,
        1.0,
        0.0,
        0.0,
        13.0515775680542,
        3.50616211619581e-08,
        1.0
      ],
      "name": "mixamorig1:Spine2",
      "parent": 4
    },
    {
      "bind_pose": [
        0.9994247555732727,
        -5.742065933844742e-09,
        0.03391426056623459,
        0.0,
        -0.029180942103266716,
        0.5095638036727905,
        0.8599379062652588,
        0.0,
        -0.017281483858823776,
        -0.8604328632354736,
        0.5092706680297852,
        0.0,
        2.507329952550208e-07,
        42.17374801635742,
        2.3825407424737932e-07,
        1.0
      ],
      "name": "mixamorig1:LeftFoot",
      "parent": 5
    },
    {
      "bind_pose": [
        0.9994468688964844,
        -2.637759122237071e-09,
        -0.033255141228437424,
        0.0,
        0.028703734278678894,
        0.504970371723175,
        0.8626592755317688,
        0.0,
        0.01679285801947117,
        -0.8631367087364197,
        0.5046910643577576,
        0.0,
        -2.198825796995152e-07,
        42.17967987060547,
        -6.041647182541965e-10,
        1.0
      ],
      "name": "mixamorig1:RightFoot",
      "parent": 6
    },
    {
      "bind_pose": [
        1.0,
        0.0,
        0.0,
        0.0,
        0.0,
        0.9927045106887817,
        0.12057244777679443,
        0.0,
        0.0,
        -0.12057244777679443,
        0.9927045106887817,
        0.0,
        0.0,
        14.683032035827637,
        1.5214521909001633e-06,
        1.0
      ],
      "name": "mixamorig1:Neck",
      "parent": 7
    },
    {
      "bind_pose": [
        -0.03760376200079918,
        -0.00019492098363116384,
        -0.9992927312850952,
        0.0,
        0.9645581841468811,
        -0.2613689601421356,
        -0.03624570369720459,
        0.0,
        -0.26117703318595886,
        -0.9652389287948608,
        0.010016468353569508,
        0.0,
        6.140154838562012,
        13.00074291229248,
        -0.2335921823978424,
        1.0
      ],
      "name": "mixamorig1:LeftShoulder",
      "parent": 7
    },
    {
      "bind_pose": [
        -0.028400968760252,
        0.00011201039160368964,
        0.9995965957641602,
        0.0,
        -0.9645582437515259,
        -0.2624460756778717,
        -0.02737603522837162,
        0.0,
        0.2623371481895447,
        -0.9649466276168823,
        0.007561763748526573,
        0.0,
        -6.140154838562012,
        12.99373722076416,
        -0.1759127378463745,
        1.0
      ],
      "name": "mixamorig1:RightShoulder",
      "parent": 7
    },
    {
      "bind_pose": [
        0.9930235743522644,
        -5.586760831732818e-09,
        0.11791596561670303,
        0.0,
        -0.06557996571063995,
        0.8310762643814087,
        0.5522785186767578,
        0.0,
        -0.09799715876579285,
        -0.5561584830284119,
        0.8252782821655273,
        0.0,
        -2.062581216932813e-09,
        16.182281494140625,
        7.965544455146301e-07,
        1.0
      ],
      "name": "mixamorig1:LeftToeBase",
      "parent": 8
    },
    {
      "bind_pose": [
        0.992818295955658,
        7.949229052783835e-10,
        -0.11963217705488205,
        0.0,
        0.06620651483535767,
        0.8329041600227356,
        0.5494428277015686,
        0.0,
        0.09964213520288467,
        -0.5534172654151917,
        0.8269224762916565,
        0.0,
        7.089289510986418e-08,
        16.260478973388672,
        2.1778896552859806e-07,
        1.0
      ],
      "name": "mixamorig1:RightToeBase",
      "parent": 9
    },
    {
      "bind_pose": [
        1.0,
        0.0,
        0.0,
        0.0,
        0.0,
        1.0,
        0.0,
        0.0,
        0.0,
        0.0,
        1.0,
        0.0,
        0.0,
        6.7201995849609375,
        1.9721567630767822,
        1.0
      ],
      "name": "mixamorig1:Head",
      "parent": 10
    },
    {
      "bind_pose": [
        0.9995363354682922,
        -0.030449023470282555,
        5.596314078815112e-09,
        0.0,
        0.02985105849802494,
        0.9799071550369263,
        -0.19720764458179474,
        0.0,
        0.006004774942994118,
        0.1971162110567093,
        0.9803617596626282,
        0.0,
        -2.0572628045556485e-08,
        13.005932807922363,
        -1.6254165302598267e-07,
        1.0
      ],
      "name": "mixamorig1:LeftArm",
      "parent": 11
    },
    {
      "bind_pose": [
        0.9989247918128967,
        0.04635952413082123,
        -1.3077011473683342e-08,
        0.0,
        -0.04543289169669151,
        0.9789583086967468,
        -0.19893845915794373,
        0.0,
        -0.009222679771482944,
        0.19872456789016724,
        0.9800119996070862,
        0.0,
        2.041643298866802e-08,
        13.005932807922363,
        -1.6256129242719908e-07,
        1.0
      ],
      "name": "mixamorig1:RightArm",
      "parent": 12
    },
    {
      "bind_pose": [
        1.0,
        1.3877787807814457e-17,
        2.1781621645233784e-16,
        0.0,
        -1.3877787807814457e-17,
        1.0,
        -1.9633833447940674e-10,
        0.0,
        -2.1781621645233784e-16,
        1.9633833447940674e-10,
        1.0,
        0.0,
        2.74755436180385e-08,
        6.205877780914307,
        2.0658041943732997e-09,
        1.0
      ],
      "name": "mixamorig1:LeftToe_End",
      "parent": 13
    },
    {
      "bind_pose": [
        1.0,
        1.3877786980633844e-17,
        -1.2153905030073525e-16,
        0.0,
        -1.3877786980633844e-17,
        1.0,
        -1.3059271719573218e-10,
        0.0,
        1.2153905030073525e-16,
        1.3059271719573218e-10,
        1.0,
        0.0,
        1.832603047091652e-08,
        6.180026054382324,
        6.158407117595743e-11,
        1.0
      ],
      "name": "mixamorig1:RightToe_End",
      "parent": 14
    },
    {
      "bind_pose": [
        1.0,
        0.0,
        0.0,
        0.0,
        0.0,
        1.0,
        1.3877787807814457e-17,
        0.0,
        0.0,
        -1.3877787807814457e-17,
        1.0,
        0.0,
        0.0,
        20.999847412109375,
        6.162763595581055,
        1.0
      ],
      "name": "mixamorig1:HeadTop_End",
      "parent": 15
    },
    {
      "bind_pose": [
        0.9936219453811646,
        0.1127626821398735,
        6.744204750219751e-09,
        0.0,
        -0.11221606284379959,
        0.98880535364151,
        -0.09834378212690353,
        0.0,
        -0.011089514940977097,
        0.09771654009819031,
        0.995152473449707,
        0.0,
        -1.6915119971372405e-08,
        25.56078338623047,
        -5.258755209069932e-09,
        1.0
      ],
      "name": "mixamorig1:LeftForeArm",
      "parent": 16
    },
    {
      "bind_pose": [
        0.9932205677032471,
        -0.11624505370855331,
        7.85898190969192e-09,
        0.0,
        0.1156814694404602,
        0.9884052276611328,
        -0.09835083782672882,
        0.0,
        0.011432790197432041,
        0.09768407791852951,
        0.9951518177986145,
        0.0,
        9.43026456923235e-09,
        25.571062088012695,
        -9.293296443502186e-08,
        1.0
      ],
      "name": "mixamorig1:RightForeArm",
      "parent": 17
    },
    {
      "bind_pose": [
        0.9728971719741821,
        0.055391598492860794,
        -0.2245056927204132,
        0.0,
        -0.030837222933769226,
        0.9932927489280701,
        0.11143870651721954,
        0.0,
        0.22917264699935913,
        -0.10149527341127396,
        0.9680798649787903,
        0.0,
        -1.3760061534640045e-08,
        23.404096603393555,
        1.8717685179581167e-08,
        1.0
      ],
      "name": "mixamorig1:LeftHand",
      "parent": 21
    },
    {
      "bind_pose": [
        0.9744846224784851,
        -0.06755846738815308,
        0.21404559910297394,
        0.0,
        0.04354036599397659,
        0.9924102425575256,
        0.11500492691993713,
        0.0,
        -0.2201905995607376,
        -0.10275091230869293,
        0.9700300693511963,
        0.0,
        4.0566295211874603e-08,
        23.401714324951172,
        -3.130540449092223e-08,
        1.0
      ],
      "name": "mixamorig1:RightHand",
      "parent": 22
    },
    {
      "bind_pose": [
        0.8651137351989746,
        0.501575767993927,
        6.420550313634976e-09,
        0.0,
        -0.48712781071662903,
        0.840194046497345,
        0.23828639090061188,
        0.0,
        0.11951866745948792,
        -0.20614483952522278,
        0.9711949229240417,
        0.0,
        -2.867699384689331,
        3.935839891433716,
        1.1883141994476318,
        1.0
      ],
      "name": "mixamorig1:LeftHandThumb1",
      "parent": 23
    },
    {
      "bind_pose": [
        0.9931473135948181,
        0.1168692484498024,
        5.6442801543710175e-09,
        0.0,
        -0.11678546667098999,
        0.9924352765083313,
        0.03785962238907814,
        0.0,
        0.00442461995407939,
        -0.03760018199682236,
        0.9992830753326416,
        0.0,
        -3.4842464923858643,
        11.757884979248047,
        0.11308296024799347,
        1.0
      ],
      "name": "mixamorig1:LeftHandIndex1",
      "parent": 23
    },
    {
      "bind_pose": [
        0.9999956488609314,
        -0.0029463295359164476,
        -1.097041479880545e-08,
        0.0,
        0.002933952957391739,
        0.9957945942878723,
        0.09156683087348938,
        0.0,
        -0.00026977513334713876,
        -0.09156642854213715,
        0.9957989454269409,
        0.0,
        -1.029280185699463,
        12.347121238708496,
        -0.31581005454063416,
        1.0
      ],
      "name": "mixamorig1:LeftHandMiddle1",
      "parent": 23
    },
    {
      "bind_pose": [
        0.9988747239112854,
        -0.04742603376507759,
        -1.1482982564814392e-08,
        0.0,
        0.04599669948220253,
        0.9687703847885132,
        0.2436559498310089,
        0.0,
        -0.011555624194443226,
        -0.24338176846504211,
        0.9698617458343506,
        0.0,
        1.2667431831359863,
        12.50594711303711,
        -0.2770683467388153,
        1.0
      ],
      "name": "mixamorig1:LeftHandRing1",
      "parent": 23
    },
    {
      "bind_pose": [
        0.9944126605987549,
        -0.10556259006261826,
        -4.152644450527987e-09,
        0.0,
        0.10364257544279099,
        0.9763258695602417,
        0.18985788524150848,
        0.0,
        -0.02004188671708107,
        -0.18879708647727966,
        0.9818115830421448,
        0.0,
        3.24678373336792,
        11.10197925567627,
        -0.1128251925110817,
        1.0
      ],
      "name": "mixamorig1:LeftHandPinky1",
      "parent": 23
    },
    {
      "bind_pose": [
        0.8724289536476135,
        -0.4887409210205078,
        1.4006676929412265e-09,
        0.0,
        0.47470322251319885,
        0.8473709225654602,
        0.2379482090473175,
        0.0,
        -0.11629503220319748,
        -0.2075929194688797,
        0.9712778329849243,
        0.0,
        2.885084867477417,
        4.054333209991455,
        1.211989164352417,
        1.0
      ],
      "name": "mixamorig1:RightHandThumb1",
      "parent": 24
    },
    {
      "bind_pose": [
        0.9981074333190918,
        -0.061494484543800354,
        1.6965465698959292e-09,
        0.0,
        0.06125026196241379,
        0.9941434860229492,
        0.0890345424413681,
        0.0,
        -0.005475135054439306,
        -0.08886603266000748,
        0.9960285425186157,
        0.0,
        3.6144943237304688,
        12.34658145904541,
        -0.007772334851324558,
        1.0
      ],
      "name": "mixamorig1:RightHandIndex1",
      "parent": 24
    },
    {
      "bind_pose": [
        0.9999959468841553,
        0.002837357809767127,
        -5.6882929477808375e-09,
        0.0,
        -0.0028339701239019632,
        0.998802125453949,
        0.04884951561689377,
        0.0,
        0.00013860923354513943,
        -0.04884931817650795,
        0.9988061785697937,
        0.0,
        0.9224252700805664,
        12.176380157470703,
        -0.22220149636268616,
        1.0
      ],
      "name": "mixamorig1:RightHandMiddle1",
      "parent": 24
    },
    {
      "bind_pose": [
        0.9959660172462463,
        0.08973151445388794,
        -4.6172772272257134e-09,
        0.0,
        -0.08883284777402878,
        0.985991358757019,
        0.14117275178432465,
        0.0,
        0.012667649425566196,
        -0.14060325920581818,
        0.9899849891662598,
        0.0,
        -1.2165741920471191,
        12.28207015991211,
        -0.15098527073860168,
        1.0
      ],
      "name": "mixamorig1:RightHandRing1",
      "parent": 24
    },
    {
      "bind_pose": [
        0.9932499527931213,
        0.11599359661340714,
        -1.709226871149383e-09,
        0.0,
        -0.11430233716964722,
        0.9787677526473999,
        0.17014312744140625,
        0.0,
        0.019735515117645264,
        -0.16899466514587402,
        0.9854193329811096,
        0.0,
        -3.320345640182495,
        11.19459342956543,
        -0.1379629224538803,
        1.0
      ],
      "name": "mixamorig1:RightHandPinky1",
      "parent": 24
    },
    {
      "bind_pose": [
        1.0,
        5.551115123125783e-17,
        2.7755575615628914e-17,
        0.0,
        -5.938883497656351e-17,
        0.985752284526825,
        0.16820362210273743,
        0.0,
        -1.8022945367272838e-17,
        -0.16820362210273743,
        0.985752284526825,
        0.0,
        -0.4054076075553894,
        3.989581823348999,
        -4.506168238549435e-08,
        1.0
      ],
      "name": "mixamorig1:LeftHandThumb2",
      "parent": 25
    },
    {
      "bind_pose": [
        1.0,
        -2.7755575615628914e-17,
        0.0,
        0.0,
        2.7549488529095002e-17,
        0.99257493019104,
        0.12163477391004562,
        0.0,
        -3.3760431647501983e-18,
        -0.12163477391004562,
        0.99257493019104,
        0.0,
        0.023114638403058052,
        3.2983920574188232,
        2.4757667915764614e-08,
        1.0
      ],
      "name": "mixamorig1:LeftHandIndex2",
      "parent": 26
    },
    {
      "bind_pose": [
        1.0,
        1.3877787807814457e-17,
        0.0,
        0.0,
        -1.3800766539437807e-17,
        0.994450032711029,
        0.10521009564399719,
        0.0,
        1.4600833825872571e-18,
        -0.10521009564399719,
        0.994450032711029,
        0.0,
        0.009939122013747692,
        3.432156562805176,
        -5.1723475280596176e-08,
        1.0
      ],
      "name": "mixamorig1:LeftHandMiddle2",
      "parent": 27
    },
    {
      "bind_pose": [
        1.0,
        -5.204170427930421e-18,
        -2.407412430484045e-35,
        0.0,
        5.189536775713746e-18,
        0.9971880912780762,
        -0.07493942975997925,
        0.0,
        3.8999756424285295e-19,
        0.07493942975997925,
        0.9971880912780762,
        0.0,
        -0.006585256662219763,
        2.726052761077881,
        1.008070285024587e-07,
        1.0
      ],
      "name": "mixamorig1:LeftHandRing2",
      "parent": 28
    },
    {
      "bind_pose": [
        1.0,
        0.0,
        -1.3877787807814457e-17,
        0.0,
        1.1019162453033275e-18,
        0.9968427419662476,
        0.07940143346786499,
        0.0,
        1.3833972050767523e-17,
        -0.07940143346786499,
        0.9968427419662476,
        0.0,
        0.008420586585998535,
        2.734598159790039,
        -1.3881191307518748e-08,
        1.0
      ],
      "name": "mixamorig1:LeftHandPinky2",
      "parent": 29
    },
    {
      "bind_pose": [
        1.0,
        -5.551115123125783e-17,
        0.0,
        0.0,
        5.4668287274290794e-17,
        0.984816312789917,
        0.17359967529773712,
        0.0,
        -9.636717829149939e-18,
        -0.17359967529773712,
        0.984816312789917,
        0.0,
        0.4284117817878723,
        4.074774742126465,
        1.5642137896065833e-07,
        1.0
      ],
      "name": "mixamorig1:RightHandThumb2",
      "parent": 30
    },
    {
      "bind_pose": [
        1.0,
        -2.7755575615628914e-17,
        0.0,
        0.0,
        2.7657650665992436e-17,
        0.9964718818664551,
        0.08392734825611115,
        0.0,
        -2.3294518607417143e-18,
        -0.08392734825611115,
        0.9964718818664551,
        0.0,
        -0.01186590176075697,
        3.1174004077911377,
        1.6191165741474833e-08,
        1.0
      ],
      "name": "mixamorig1:RightHandIndex2",
      "parent": 31
    },
    {
      "bind_pose": [
        1.0,
        1.3877787807814457e-17,
        0.0,
        0.0,
        -1.3736602966502681e-17,
        0.9898265600204468,
        0.14227904379367828,
        0.0,
        1.9745183792674076e-18,
        -0.14227904379367828,
        0.9898265600204468,
        0.0,
        -0.016154980286955833,
        3.4792134761810303,
        1.286619522034016e-08,
        1.0
      ],
      "name": "mixamorig1:RightHandMiddle2",
      "parent": 32
    },
    {
      "bind_pose": [
        1.0,
        -1.734723475976807e-18,
        -1.3877787807814457e-17,
        0.0,
        2.9529388338632526e-18,
        0.9960966110229492,
        0.08826958388090134,
        0.0,
        1.367049386476683e-17,
        -0.08826958388090134,
        0.9960966110229492,
        0.0,
        -0.0037054631393402815,
        2.8215856552124023,
        -9.496631037109182e-09,
        1.0
      ],
      "name": "mixamorig1:RightHandRing2",
      "parent": 33
    },
    {
      "bind_pose": [
        1.0,
        0.0,
        -1.3877787807814457e-17,
        0.0,
        1.6750692781510141e-18,
        0.9926888346672058,
        0.12070146203041077,
        0.0,
        1.377632500669809e-17,
        -0.12070146203041077,
        0.9926888346672058,
        0.0,
        -0.008057965897023678,
        2.6404500007629395,
        3.5185706792617566e-08,
        1.0
      ],
      "name": "mixamorig1:RightHandPinky2",
      "parent": 34
    },
    {
      "bind_pose": [
        1.0,
        0.0,
        -0.0,
        0.0,
        -0.0,
        0.9999997019767761,
        -0.0007731657242402434,
        0.0,
        0.0,
        0.0007731657242402434,
        0.9999997019767761,
        0.0,
        -0.03730533644556999,
        3.599907159805298,
        7.198764251370449e-08,
        1.0
      ],
      "name": "mixamorig1:LeftHandThumb3",
      "parent": 35
    },
    {
      "bind_pose": [
        1.0,
        2.7755575615628914e-17,
        0.0,
        0.0,
        -2.772055609721587e-17,
        0.9987382888793945,
        0.05021808668971062,
        0.0,
        1.393831902388471e-18,
        -0.05021808668971062,
        0.9987382888793945,
        0.0,
        -0.006814567372202873,
        3.0810468196868896,
        4.3524835291464115e-08,
        1.0
      ],
      "name": "mixamorig1:LeftHandIndex3",
      "parent": 36
    },
    {
      "bind_pose": [
        1.0,
        0.0,
        -0.0,
        0.0,
        -0.0,
        0.9984774589538574,
        -0.055161252617836,
        0.0,
        0.0,
        0.055161252617836,
        0.9984774589538574,
        0.0,
        -0.009976154193282127,
        3.160916328430176,
        2.6503812478040345e-09,
        1.0
      ],
      "name": "mixamorig1:LeftHandMiddle3",
      "parent": 37
    },
    {
      "bind_pose": [
        1.0,
        3.469446951953614e-18,
        1.3877787807814457e-17,
        0.0,
        -3.4098723702617794e-18,
        0.9999908208847046,
        -0.004290502984076738,
        0.0,
        -1.3892546364303628e-17,
        0.004290502984076738,
        0.9999908208847046,
        0.0,
        0.003413957078009844,
        2.62030291557312,
        -2.6956882948070415e-08,
        1.0
      ],
      "name": "mixamorig1:LeftHandRing3",
      "parent": 38
    },
    {
      "bind_pose": [
        1.0,
        0.0,
        0.0,
        0.0,
        0.0,
        0.9996370673179626,
        0.026939179748296738,
        0.0,
        0.0,
        -0.026939179748296738,
        0.9996370673179626,
        0.0,
        -0.0029064698610454798,
        2.193953514099121,
        9.296434200223302e-08,
        1.0
      ],
      "name": "mixamorig1:LeftHandPinky3",
      "parent": 39
    },
    {
      "bind_pose": [
        1.0,
        0.0,
        -0.0,
        0.0,
        -0.0,
        0.9949013590812683,
        -0.10085303336381912,
        0.0,
        0.0,
        0.10085303336381912,
        0.9949013590812683,
        0.0,
        0.036493778228759766,
        3.5304114818573,
        7.291990300473117e-08,
        1.0
      ],
      "name": "mixamorig1:RightHandThumb3",
      "parent": 40
    },
    {
      "bind_pose": [
        1.0,
        2.7755575615628914e-17,
        0.0,
        0.0,
        -2.7755433340563554e-17,
        0.9999948740005493,
        -0.003201205749064684,
        0.0,
        -8.885130822935083e-20,
        0.003201205749064684,
        0.9999948740005493,
        0.0,
        0.00661024684086442,
        2.856062173843384,
        -9.469272299611475e-08,
        1.0
      ],
      "name": "mixamorig1:RightHandIndex3",
      "parent": 41
    },
    {
      "bind_pose": [
        1.0,
        0.0,
        -0.0,
        0.0,
        -0.0,
        0.9985147714614868,
        -0.05448172241449356,
        0.0,
        0.0,
        0.05448172241449356,
        0.9985147714614868,
        0.0,
        0.013668837025761604,
        3.2259602546691895,
        -4.707834477812867e-08,
        1.0
      ],
      "name": "mixamorig1:RightHandMiddle3",
      "parent": 42
    },
    {
      "bind_pose": [
        1.0,
        0.0,
        -0.0,
        0.0,
        -0.0,
        0.9952569007873535,
        -0.09728178381919861,
        0.0,
        0.0,
        0.09728178381919861,
        0.9952569007873535,
        0.0,
        0.007793530356138945,
        2.6876935958862305,
        -1.9378120441615465e-08,
        1.0
      ],
      "name": "mixamorig1:RightHandRing3",
      "parent": 43
    },
    {
      "bind_pose": [
        1.0,
        0.0,
        1.3877787807814457e-17,
        0.0,
        5.534078697345278e-19,
        0.9992045760154724,
        -0.03987723961472511,
        0.0,
        -1.3866749082539937e-17,
        0.03987723961472511,
        0.9992045760154724,
        0.0,
        0.005579299759119749,
        2.1490390300750732,
        -4.881502491116407e-08,
        1.0
      ],
      "name": "mixamorig1:RightHandPinky3",
      "parent": 44
    },
    {
      "bind_pose": [
        1.0,
        1.6653346692866328e-16,
        -5.551115123125783e-17,
        0.0,
        -1.6653346692866328e-16,
        1.0,
        -4.14400496140388e-08,
        0.0,
        5.5511147922535377e-17,
        4.14400496140388e-08,
        1.0,
        0.0,
        0.4427129924297333,
        2.9790539741516113,
        -4.554263455247565e-08,
        1.0
      ],
      "name": "mixamorig1:LeftHandThumb4",
      "parent": 45
    },
    {
      "bind_pose": [
        1.0,
        2.7755575615628914e-17,
        -2.7755575615628914e-17,
        0.0,
        -2.7755578924351364e-17,
        1.0,
        -4.655041863088627e-08,
        0.0,
        2.7755575615628914e-17,
        4.655041863088627e-08,
        1.0,
        0.0,
        -0.016300076618790627,
        2.712083339691162,
        -1.0782625281535729e-07,
        1.0
      ],
      "name": "mixamorig1:LeftHandIndex4",
      "parent": 46
    },
    {
      "bind_pose": [
        1.0,
        0.0,
        1.3877787807814457e-17,
        0.0,
        3.520058582543659e-25,
        1.0,
        -2.5364695233065504e-08,
        0.0,
        -1.3877787807814457e-17,
        2.5364695233065504e-08,
        1.0,
        0.0,
        3.702195317600854e-05,
        2.876375675201416,
        3.9426311104762135e-09,
        1.0
      ],
      "name": "mixamorig1:LeftHandMiddle4",
      "parent": 47
    },
    {
      "bind_pose": [
        1.0,
        -2.42861286636753e-17,
        9.71445146547012e-17,
        0.0,
        2.4286127009314074e-17,
        1.0,
        1.094067947349231e-08,
        0.0,
        -9.71445146547012e-17,
        -1.094067947349231e-08,
        1.0,
        0.0,
        0.0031712972559034824,
        2.2268900871276855,
        6.106665750849061e-08,
        1.0
      ],
      "name": "mixamorig1:LeftHandRing4",
      "parent": 48
    },
    {
      "bind_pose": [
        1.0,
        1.0408340855860843e-16,
        2.220446049250313e-16,
        0.0,
        -1.0408340855860843e-16,
        1.0,
        -3.678679805219076e-09,
        0.0,
        -2.220446049250313e-16,
        3.678679805219076e-09,
        1.0,
        0.0,
        -0.005514113232493401,
        1.9755403995513916,
        6.650282102782512e-09,
        1.0
      ],
      "name": "mixamorig1:LeftHandPinky4",
      "parent": 49
    },
    {
      "bind_pose": [
        1.0,
        -5.551115123125783e-17,
        2.7755575615628914e-17,
        0.0,
        5.551115123125783e-17,
        1.0,
        -1.8890865760567976e-08,
        0.0,
        -2.7755573961267688e-17,
        1.8890865760567976e-08,
        1.0,
        0.0,
        -0.4649060368537903,
        2.8735461235046387,
        -1.6250328371825162e-07,
        1.0
      ],
      "name": "mixamorig1:RightHandThumb4",
      "parent": 50
    },
    {
      "bind_pose": [
        1.0,
        0.0,
        -0.0,
        0.0,
        -0.0,
        1.0,
        -7.557336978436524e-10,
        0.0,
        0.0,
        7.557336978436524e-10,
        1.0,
        0.0,
        0.0052557834424078465,
        2.5345988273620605,
        3.0676119422423653e-09,
        1.0
      ],
      "name": "mixamorig1:RightHandIndex4",
      "parent": 51
    },
    {
      "bind_pose": [
        1.0,
        1.249000902703301e-16,
        -2.0816680388232705e-16,
        0.0,
        -1.249000902703301e-16,
        1.0,
        -9.970607450782154e-09,
        0.0,
        2.0816680388232705e-16,
        9.970607450782154e-09,
        1.0,
        0.0,
        0.002486117882654071,
        2.9279675483703613,
        2.9978991733514704e-08,
        1.0
      ],
      "name": "mixamorig1:RightHandMiddle4",
      "parent": 52
    },
    {
      "bind_pose": [
        1.0,
        -8.673617379884035e-18,
        -9.71445146547012e-17,
        0.0,
        8.673617379884035e-18,
        1.0,
        3.4707614560147704e-09,
        0.0,
        9.71445146547012e-17,
        -3.4707614560147704e-09,
        1.0,
        0.0,
        -0.004088063724339008,
        2.3684499263763428,
        -3.301275341982546e-08,
        1.0
      ],
      "name": "mixamorig1:RightHandRing4",
      "parent": 53
    },
    {
      "bind_pose": [
        1.0,
        -4.85722573273506e-17,
        -8.326672684688674e-17,
        0.0,
        4.857225401862815e-17,
        1.0,
        -1.394951443245418e-08,
        0.0,
        8.326672684688674e-17,
        1.394951443245418e-08,
        1.0,
        0.0,
        0.0024786703288555145,
        1.8884282112121582,
        -7.556857894996938e-08,
        1.0
      ],
      "name": "mixamorig1:RightHandPinky4",
      "parent": 54
    }
  ],
  "type": "skeleton"
}