{ "bones": [
{"name":"rp_nathan_animated_003_walking_root","parent":2,"inverse_bind":[1,0,0,0,0,1,0,0,0,0,1,0,0,0,0,1]},
{"name":"rp_nathan_animated_003_walking_hip","parent":4,"inverse_bind":[2.76785e-11,1,2.00975e-11,-95.6,-1.11022e-16,2.00977e-11,-1,-1.92134e-09,-1,2.76782e-11,3.88579e-16,-2.64604e-09,1,2.00975e-11,-95.6,2.76782e-11]},
{"name":"rp_nathan_animated_003_walking_spine_01","parent":6,"inverse_bind":[2.76785e-11,1,2.00975e-11,-110.536,-1.11022e-16,2.00977e-11,-1,8.14385e-06,-1,2.76782e-11,3.88579e-16,-1.96748e-06,1,2.00975e-11,-110.536,2.76782e-11]},
{"name":"rp_nathan_animated_003_walking_spine_02","parent":7,"inverse_bind":[2.76785e-11,1,2.00975e-11,-125.471,-1.11022e-16,2.00977e-11,-1,7.94503e-06,-1,2.76782e-11,3.88579e-16,-1.69838e-06,1,2.00975e-11,-125.471,2.76782e-11]},
{"name":"rp_nathan_animated_003_walking_spine_03","parent":10,"inverse_bind":[2.76785e-11,1,2.00975e-11,-140.407,-1.11022e-16,2.00977e-11,-1,8.70332e-06,-1,2.76782e-11,3.88579e-16,-2.16142e-06,1,2.00975e-11,-140.407,2.76782e-11]},
{"name":"rp_nathan_animated_003_walking_neck","parent":15,"inverse_bind":[1.57152e-08,0.991858,0.127347,-154.077,1.0065e-09,0.127347,-0.991858,-19.7824,-1,1.57154e-08,1.00298e-09,-3.19225e-06,0.991858,0.127347,-154.077,1.57152e-08]},
{"name":"rp_nathan_animated_003_walking_head","parent":20,"inverse_bind":[1.57154e-08,1,2.07496e-09,-166.768,-1.00298e-09,2.07496e-09,-1,1.46703,-1,1.57154e-08,1.00298e-09,-4.45306e-06,1,2.07496e-09,-166.768,1.57154e-08]},
{"name":"rp_nathan_animated_003_walking_head_end","parent":25,"inverse_bind":[1.57154e-08,1,2.07496e-09,-186.148,-1.00298e-09,2.07496e-09,-1,1.46703,-1,1.57154e-08,1.00298e-09,-4.45306e-06,1,2.07496e-09,-186.148,1.57154e-08]},
{"name":"rp_nathan_animated_003_walking_jaw","parent":25,"inverse_bind":[0.00120479,-0.53979,0.841799,87.8697,0.000772568,0.8418,0.539789,-142.705,-0.999999,1.56878e-08,0.00143121,-0.0101593,-0.53979,0.841799,87.8697,0.00120479]},
{"name":"rp_nathan_animated_003_walking_jaw_end","parent":31,"inverse_bind":[0.00120479,-0.53979,0.841799,78.967,0.000772568,0.8418,0.539789,-142.705,-0.999999,1.56878e-08,0.00143121,-0.0101593,-0.53979,0.841799,78.967,0.00120479]},
{"name":"rp_nathan_animated_003_walking_eye_l","parent":25,"inverse_bind":[7.37249e-08,-4.79019e-06,1,-8.79768,8.84378e-08,1,4.79019e-06,-173.079,-1,8.84374e-08,7.37253e-08,3.08617,-4.79019e-06,1,-8.79768,7.37249e-08]},
{"name":"rp_nathan_animated_003_walking_eye_end_l","parent":32,"inverse_bind":[7.37249e-08,-4.79019e-06,1,-10.02,8.84378e-08,1,4.79019e-06,-173.079,-1,8.84374e-08,7.37253e-08,3.08617,-4.79019e-06,1,-10.02,7.37249e-08]},
{"name":"rp_nathan_animated_003_walking_eye_r","parent":25,"inverse_bind":[4.27131e-08,-1.78807e-06,1,-8.70057,5.74256e-08,1,1.78807e-06,-173.12,-1,5.74255e-08,4.27132e-08,-2.78402,-1.78807e-06,1,-8.70057,4.27131e-08]},
{"name":"rp_nathan_animated_003_walking_eye_end_r","parent":33,"inverse_bind":[4.27131e-08,-1.78807e-06,1,-10.0908,5.74256e-08,1,1.78807e-06,-173.12,-1,5.74255e-08,4.27132e-08,-2.78402,-1.78807e-06,1,-10.0908,4.27131e-08]},
{"name":"rp_nathan_animated_003_walking_shoulder_l","parent":15,"inverse_bind":[1,-6.66134e-15,-3.88578e-16,-5.80789,-1.11022e-16,2.00924e-11,-1,-1.78804,6.93889e-15,1,2.00922e-11,-153.623,-6.66134e-15,-3.88578e-16,-5.80789,1]},
{"name":"rp_nathan_animated_003_walking_upperarm_l","parent":21,"inverse_bind":[1,-6.66134e-15,-3.88578e-16,-19.452,-1.11022e-16,2.00924e-11,-1,-1.78804,6.93889e-15,1,2.00922e-11,-153.623,-6.66134e-15,-3.88578e-16,-19.452,1]},
{"name":"rp_nathan_animated_003_walking_lowerarm_l","parent":26,"inverse_bind":[1,-6.66134e-15,-3.88578e-16,-46.1322,-1.11022e-16,2.00924e-11,-1,-1.78804,6.93889e-15,1,2.00922e-11,-153.623,-6.66134e-15,-3.88578e-16,-46.1322,1]},
{"name":"rp_nathan_animated_003_walking_hand_l","parent":40,"inverse_bind":[1,-7.14984e-15,9.99201e-17,-71.9695,-7.42739e-15,-1,-2.00924e-11,153.623,3.77476e-16,2.00926e-11,-1,-1.78804,-7.14984e-15,9.99201e-17,-71.9695,1]},
{"name":"rp_nathan_animated_003_walking_thumb_01_l","parent":49,"inverse_bind":[0.950186,-0.190037,0.247048,-45.0304,0.242251,-0.0484502,-0.969003,-9.92499,0.196116,0.980581,1.9702e-11,-164.505,-0.190037,0.247048,-45.0304,0.950186]},
{"name":"rp_nathan_animated_003_walking_thumb_02_l","parent":53,"inverse_bind":[1,1.72667e-13,-2.3774e-10,-81.0134,-2.37739e-10,2.0092e-11,-1,2.43285,-1.72334e-13,1,2.00918e-11,-151.561,1.72667e-13,-2.3774e-10,-81.0134,1]},
{"name":"rp_nathan_animated_003_walking_thumb_03_l","parent":63,"inverse_bind":[1,1.72667e-13,-2.3774e-10,-84.2467,-2.37739e-10,2.0092e-11,-1,2.43285,-1.72334e-13,1,2.00918e-11,-151.561,1.72667e-13,-2.3774e-10,-84.2467,1]},
{"name":"rp_nathan_animated_003_walking_thumb_end_l","parent":73,"inverse_bind":[1,1.72667e-13,-2.3774e-10,-86.7098,-2.37739e-10,2.0092e-11,-1,2.43285,-1.72334e-13,1,2.00918e-11,-151.561,1.72667e-13,-2.3774e-10,-86.7098,1]},
{"name":"rp_nathan_animated_003_walking_index_01_l","parent":49,"inverse_bind":[1,-7.14984e-15,9.99201e-17,-82.5856,-7.42739e-15,-1,-2.00924e-11,153.077,3.77476e-16,2.00926e-11,-1,0.850066,-7.14984e-15,9.99201e-17,-82.5856,1]},
{"name":"rp_nathan_animated_003_walking_index_02_l","parent":54,"inverse_bind":[1,-7.14984e-15,9.99201e-17,-86.7857,-7.42739e-15,-1,-2.00924e-11,153.077,3.77476e-16,2.00926e-11,-1,0.850066,-7.14984e-15,9.99201e-17,-86.7857,1]},
{"name":"rp_nathan_animated_003_walking_index_03_l","parent":64,"inverse_bind":[1,-7.14984e-15,9.99201e-17,-89.2072,-7.42739e-15,-1,-2.00924e-11,153.077,3.77476e-16,2.00926e-11,-1,0.850067,-7.14984e-15,9.99201e-17,-89.2072,1]},
{"name":"rp_nathan_animated_003_walking_index_end_l","parent":74,"inverse_bind":[1,-7.14984e-15,9.99201e-17,-91.5541,-7.42739e-15,-1,-2.00924e-11,153.077,3.77476e-16,2.00926e-11,-1,0.850067,-7.14984e-15,9.99201e-17,-91.5541,1]},
{"name":"rp_nathan_animated_003_walking_middle_01_l","parent":49,"inverse_bind":[1,-7.14984e-15,9.99201e-17,-82.7559,-7.42739e-15,-1,-2.00924e-11,153.227,3.77476e-16,2.00926e-11,-1,-1.15058,-7.14984e-15,9.99201e-17,-82.7559,1]},
{"name":"rp_nathan_animated_003_walking_middle_02_l","parent":55,"inverse_bind":[1,-7.14984e-15,9.99201e-17,-87.777,-7.42739e-15,-1,-2.00924e-11,153.227,3.77476e-16,2.00926e-11,-1,-1.15058,-7.14984e-15,9.99201e-17,-87.777,1]},
{"name":"rp_nathan_animated_003_walking_middle_03_l","parent":65,"inverse_bind":[1,-7.14984e-15,9.99201e-17,-90.6385,-7.42739e-15,-1,-2.00924e-11,153.227,3.77476e-16,2.00926e-11,-1,-1.15058,-7.14984e-15,9.99201e-17,-90.6385,1]},
{"name":"rp_nathan_animated_003_walking_middle_end_l","parent":75,"inverse_bind":[1,-7.14984e-15,9.99201e-17,-93.4615,-7.42739e-15,-1,-2.00924e-11,153.227,3.77476e-16,2.00926e-11,-1,-1.15058,-7.14984e-15,9.99201e-17,-93.4615,1]},
{"name":"rp_nathan_animated_003_walking_ring_01_l","parent":49,"inverse_bind":[1,-7.14984e-15,9.99201e-17,-82.5856,-7.42739e-15,-1,-2.00924e-11,153.077,3.77476e-16,2.00926e-11,-1,-3.09385,-7.14984e-15,9.99201e-17,-82.5856,1]},
{"name":"rp_nathan_animated_003_walking_ring_02_l","parent":56,"inverse_bind":[1,-7.14984e-15,9.99201e-17,-87.2317,-7.42739e-15,-1,-2.00924e-11,153.077,3.77476e-16,2.00926e-11,-1,-3.09385,-7.14984e-15,9.99201e-17,-87.2317,1]},
{"name":"rp_nathan_animated_003_walking_ring_03_l","parent":66,"inverse_bind":[1,-7.14984e-15,9.99201e-17,-89.774,-7.42739e-15,-1,-2.00924e-11,153.077,3.77476e-16,2.00926e-11,-1,-3.09385,-7.14984e-15,9.99201e-17,-89.774,1]},
{"name":"rp_nathan_animated_003_walking_ring_end_l","parent":76,"inverse_bind":[1,-7.14984e-15,9.99201e-17,-92.2821,-7.42739e-15,-1,-2.00924e-11,153.077,3.77476e-16,2.00926e-11,-1,-3.09385,-7.14984e-15,9.99201e-17,-92.2821,1]},
{"name":"rp_nathan_animated_003_walking_pinky_01_l","parent":49,"inverse_bind":[1,-7.14984e-15,9.99201e-17,-82.4323,-7.42739e-15,-1,-2.00924e-11,152.941,3.77476e-16,2.00926e-11,-1,-4.80315,-7.14984e-15,9.99201e-17,-82.4323,1]},
{"name":"rp_nathan_animated_003_walking_pinky_02_l","parent":57,"inverse_bind":[1,-7.14984e-15,9.99201e-17,-85.8325,-7.42739e-15,-1,-2.00924e-11,152.941,3.77476e-16,2.00926e-11,-1,-4.80315,-7.14984e-15,9.99201e-17,-85.8325,1]},
{"name":"rp_nathan_animated_003_walking_pinky_03_l","parent":67,"inverse_bind":[1,-7.14984e-15,9.99201e-17,-87.3935,-7.42739e-15,-1,-2.00924e-11,152.941,3.77476e-16,2.00926e-11,-1,-4.80315,-7.14984e-15,9.99201e-17,-87.3935,1]},
{"name":"rp_nathan_animated_003_walking_pinky_end_l","parent":77,"inverse_bind":[1,-7.14984e-15,9.99201e-17,-89.1763,-7.42739e-15,-1,-2.00924e-11,152.941,3.77476e-16,2.00926e-11,-1,-4.80315,-7.14984e-15,9.99201e-17,-89.1763,1]},
{"name":"rp_nathan_animated_003_walking_lowerarm_twist_l","parent":40,"inverse_bind":[1,-6.66134e-15,-3.88578e-16,-59.0508,-1.11022e-16,2.00924e-11,-1,-1.78804,6.93889e-15,1,2.00922e-11,-153.623,-6.66134e-15,-3.88578e-16,-59.0508,1]},
{"name":"rp_nathan_animated_003_walking_upperarm_twist_l","parent":26,"inverse_bind":[1,-6.66134e-15,-3.88578e-16,-32.7921,-1.11022e-16,2.00924e-11,-1,-1.78804,6.93889e-15,1,2.00922e-11,-153.623,-6.66134e-15,-3.88578e-16,-32.7921,1]},
{"name":"rp_nathan_animated_003_walking_shoulder_r","parent":15,"inverse_bind":[1,2.9976e-15,-3.88578e-16,6.4909,1.11022e-16,-2.00978e-11,1,1.56535,2.72005e-15,-1,-2.00976e-11,153.377,2.9976e-15,-3.88578e-16,6.4909,1]},
{"name":"rp_nathan_animated_003_walking_upperarm_r","parent":22,"inverse_bind":[1,2.9976e-15,-3.88578e-16,20.1763,1.11022e-16,-2.00978e-11,1,1.56535,2.72005e-15,-1,-2.00976e-11,153.377,2.9976e-15,-3.88578e-16,20.1763,1]},
{"name":"rp_nathan_animated_003_walking_lowerarm_r","parent":27,"inverse_bind":[1,2.9976e-15,-3.88578e-16,48.1438,1.11022e-16,-2.00978e-11,1,1.56535,2.72005e-15,-1,-2.00976e-11,153.377,2.9976e-15,-3.88578e-16,48.1438,1]},
{"name":"rp_nathan_animated_003_walking_hand_r","parent":42,"inverse_bind":[1,-3.13083e-15,-5.62883e-15,73.8635,3.40838e-15,1,2.00972e-11,-153.377,5.35127e-15,-2.00974e-11,1,1.56535,-3.13083e-15,-5.62883e-15,73.8635,1]},
{"name":"rp_nathan_animated_003_walking_thumb_01_r","parent":51,"inverse_bind":[0.950186,0.190037,-0.247048,46.1888,0.242251,0.0484502,0.969003,10.0756,0.196116,-0.980581,-1.97079e-11,164.344,0.190037,-0.247048,46.1888,0.950186]},
{"name":"rp_nathan_animated_003_walking_thumb_02_r","parent":58,"inverse_bind":[1,-1.79551e-13,-2.20223e-14,82.1819,2.17502e-14,-2.00946e-11,1,-2.58942,-1.79828e-13,-1,-2.00944e-11,151.162,-1.79551e-13,-2.20223e-14,82.1819,1]},
{"name":"rp_nathan_animated_003_walking_thumb_03_r","parent":68,"inverse_bind":[1,-1.79551e-13,-2.20223e-14,85.6551,2.17502e-14,-2.00946e-11,1,-2.58942,-1.79828e-13,-1,-2.00944e-11,151.162,-1.79551e-13,-2.20223e-14,85.6551,1]},
{"name":"rp_nathan_animated_003_walking_thumb_end_r","parent":78,"inverse_bind":[1,-1.79551e-13,-2.20223e-14,88.2537,2.17502e-14,-2.00946e-11,1,-2.58942,-1.79828e-13,-1,-2.00944e-11,151.162,-1.79551e-13,-2.20223e-14,88.2537,1]},
{"name":"rp_nathan_animated_003_walking_index_01_r","parent":51,"inverse_bind":[1,-3.13083e-15,-5.62883e-15,84.5681,3.40838e-15,1,2.00972e-11,-152.861,5.35127e-15,-2.00974e-11,1,-1.12396,-3.13083e-15,-5.62883e-15,84.5681,1]},
{"name":"rp_nathan_animated_003_walking_index_02_r","parent":59,"inverse_bind":[1,-3.13083e-15,-5.62883e-15,88.7226,3.40838e-15,1,2.00972e-11,-152.861,5.35127e-15,-2.00974e-11,1,-1.12396,-3.13083e-15,-5.62883e-15,88.7226,1]},
{"name":"rp_nathan_animated_003_walking_index_03_r","parent":69,"inverse_bind":[1,-3.13083e-15,-5.62883e-15,91.0926,3.40838e-15,1,2.00972e-11,-152.861,5.35127e-15,-2.00974e-11,1,-1.12396,-3.13083e-15,-5.62883e-15,91.0926,1]},
{"name":"rp_nathan_animated_003_walking_index_end_r","parent":79,"inverse_bind":[1,-3.13083e-15,-5.62883e-15,93.3957,3.40838e-15,1,2.00972e-11,-152.861,5.35127e-15,-2.00974e-11,1,-1.12396,-3.13083e-15,-5.62883e-15,93.3957,1]},
{"name":"rp_nathan_animated_003_walking_middle_01_r","parent":51,"inverse_bind":[1,-3.13083e-15,-5.62883e-15,84.6839,3.40838e-15,1,2.00972e-11,-153.087,5.35127e-15,-2.00974e-11,1,0.796455,-3.13083e-15,-5.62883e-15,84.6839,1]},
{"name":"rp_nathan_animated_003_walking_middle_02_r","parent":60,"inverse_bind":[1,-3.13083e-15,-5.62883e-15,89.6302,3.40838e-15,1,2.00972e-11,-153.087,5.35127e-15,-2.00974e-11,1,0.796458,-3.13083e-15,-5.62883e-15,89.6302,1]},
{"name":"rp_nathan_animated_003_walking_middle_03_r","parent":70,"inverse_bind":[1,-3.13083e-15,-5.62883e-15,92.4075,3.40838e-15,1,2.00972e-11,-153.087,5.35127e-15,-2.00974e-11,1,0.796459,-3.13083e-15,-5.62883e-15,92.4075,1]},
{"name":"rp_nathan_animated_003_walking_middle_end_r","parent":80,"inverse_bind":[1,-3.13083e-15,-5.62883e-15,95.1485,3.40838e-15,1,2.00972e-11,-153.087,5.35127e-15,-2.00974e-11,1,0.796458,-3.13083e-15,-5.62883e-15,95.1485,1]},
{"name":"rp_nathan_animated_003_walking_ring_01_r","parent":51,"inverse_bind":[1,-3.13083e-15,-5.62883e-15,84.5681,3.40838e-15,1,2.00972e-11,-152.861,5.35127e-15,-2.00974e-11,1,2.73908,-3.13083e-15,-5.62883e-15,84.5681,1]},
{"name":"rp_nathan_animated_003_walking_ring_02_r","parent":61,"inverse_bind":[1,-3.13083e-15,-5.62883e-15,89.1062,3.40838e-15,1,2.00972e-11,-152.861,5.35127e-15,-2.00974e-11,1,2.73908,-3.13083e-15,-5.62883e-15,89.1062,1]},
{"name":"rp_nathan_animated_003_walking_ring_03_r","parent":71,"inverse_bind":[1,-3.13083e-15,-5.62883e-15,91.5914,3.40838e-15,1,2.00972e-11,-152.861,5.35127e-15,-2.00974e-11,1,2.73908,-3.13083e-15,-5.62883e-15,91.5914,1]},
{"name":"rp_nathan_animated_003_walking_ring_end_r","parent":81,"inverse_bind":[1,-3.13083e-15,-5.62883e-15,94.0459,3.40838e-15,1,2.00972e-11,-152.861,5.35127e-15,-2.00974e-11,1,2.73908,-3.13083e-15,-5.62883e-15,94.0459,1]},
{"name":"rp_nathan_animated_003_walking_pinky_01_r","parent":51,"inverse_bind":[1,-3.13083e-15,-5.62883e-15,84.433,3.40838e-15,1,2.00972e-11,-152.774,5.35127e-15,-2.00974e-11,1,4.5592,-3.13083e-15,-5.62883e-15,84.433,1]},
{"name":"rp_nathan_animated_003_walking_pinky_02_r","parent":62,"inverse_bind":[1,-3.13083e-15,-5.62883e-15,87.9746,3.40838e-15,1,2.00972e-11,-152.774,5.35127e-15,-2.00974e-11,1,4.5592,-3.13083e-15,-5.62883e-15,87.9746,1]},
{"name":"rp_nathan_animated_003_walking_pinky_03_r","parent":72,"inverse_bind":[1,-3.13083e-15,-5.62883e-15,89.5794,3.40838e-15,1,2.00972e-11,-152.774,5.35127e-15,-2.00974e-11,1,4.5592,-3.13083e-15,-5.62883e-15,89.5794,1]},
{"name":"rp_nathan_animated_003_walking_pinky_end_r","parent":82,"inverse_bind":[1,-3.13083e-15,-5.62883e-15,91.4093,3.40838e-15,1,2.00972e-11,-152.774,5.35127e-15,-2.00974e-11,1,4.5592,-3.13083e-15,-5.62883e-15,91.4093,1]},
{"name":"rp_nathan_animated_003_walking_lowerarm_twist_r","parent":42,"inverse_bind":[1,2.9976e-15,-3.88578e-16,61.0037,1.11022e-16,-2.00978e-11,1,1.56535,2.72005e-15,-1,-2.00976e-11,153.377,2.9976e-15,-3.88578e-16,61.0037,1]},
{"name":"rp_nathan_animated_003_walking_upperarm_twist_r","parent":27,"inverse_bind":[1,2.9976e-15,-3.88578e-16,34.1601,1.11022e-16,-2.00978e-11,1,1.56535,2.72005e-15,-1,-2.00976e-11,153.377,2.9976e-15,-3.88578e-16,34.1601,1]},
{"name":"rp_nathan_animated_003_walking_upperleg_l","parent":6,"inverse_bind":[0.000918457,0.999999,-0.000429833,-95.6,-1.97392e-07,-0.000429833,-1,0.0410912,-1,0.000918457,-1.97392e-07,10.53,0.999999,-0.000429833,-95.6,0.000918457]},
{"name":"rp_nathan_animated_003_walking_lowerleg_l","parent":8,"inverse_bind":[0.0022032,0.999069,0.0430844,-51.1439,9.50116e-05,0.0430843,-0.999071,-2.18644,-0.999998,0.00220524,1.32335e-11,10.4642,0.999069,0.0430844,-51.1439,0.0022032]},
{"name":"rp_nathan_animated_003_walking_foot_l","parent":11,"inverse_bind":[9.58434e-17,1,2.00985e-11,-9.21913,3.11766e-12,2.00987e-11,-1,-1.78989,-1,-1.82146e-16,-3.11739e-12,10.4845,1,2.00985e-11,-9.21913,-1.82146e-16]},
{"name":"rp_nathan_animated_003_walking_ball_l","parent":16,"inverse_bind":[-0.00265614,-0.00710796,0.999971,-12.4287,-1.88802e-05,0.999975,0.00710793,-2.32767,-0.999996,5.41011e-14,-0.00265621,10.7389,-0.00710796,0.999971,-12.4287,-0.00265614]},
{"name":"rp_nathan_animated_003_walking_foot_end_l","parent":23,"inverse_bind":[-0.00265614,-0.00710796,0.999971,-18.6617,-1.88802e-05,0.999975,0.00710793,-2.32767,-0.999996,5.41011e-14,-0.00265621,10.7389,-0.00710796,0.999971,-18.6617,-0.00265614]},
{"name":"rp_nathan_animated_003_walking_lowerleg_twist_l","parent":11,"inverse_bind":[0.0022032,0.999069,0.0430844,-30.1502,9.50116e-05,0.0430843,-0.999071,-2.18644,-0.999998,0.00220524,1.32335e-11,10.4642,0.999069,0.0430844,-30.1502,0.0022032]},
{"name":"rp_nathan_animated_003_walking_upperleg_twist_l","parent":8,"inverse_bind":[0.000918457,0.999999,-0.000429833,-73.3885,-1.97392e-07,-0.000429833,-1,0.0410947,-1,0.000918457,-1.97392e-07,10.53,0.999999,-0.000429833,-73.3885,0.000918457]},
{"name":"rp_nathan_animated_003_walking_upperleg_r","parent":6,"inverse_bind":[-0.000918457,-0.999999,0.000429833,95.6,3.94783e-07,0.000429833,1,-0.0410931,-1,0.000918457,1.81819e-14,-10.7056,-0.999999,0.000429833,95.6,-0.000918457]},
{"name":"rp_nathan_animated_003_walking_lowerleg_r","parent":9,"inverse_bind":[-0.000355983,-0.999073,-0.0430388,51.3631,-1.53353e-05,-0.0430388,0.999073,2.19364,-1,0.000356313,2.76471e-13,-10.6767,-0.999073,-0.0430388,51.3631,-0.000355983]},
{"name":"rp_nathan_animated_003_walking_foot_r","parent":13,"inverse_bind":[-1.84621e-16,-1,-2.01001e-11,10.1792,-7.67121e-06,-2.01003e-11,1,1.75725,-1,6.15484e-17,-7.67121e-06,-10.6731,-1,-2.01001e-11,10.1792,9.26451e-17]},
{"name":"rp_nathan_animated_003_walking_ball_r","parent":18,"inverse_bind":[-0.0011862,0.0235736,-0.999721,13.9037,-2.79708e-05,-0.999722,-0.0235736,2.31385,-0.999999,3.20266e-14,0.00118653,-10.5593,0.0235736,-0.999721,13.9037,-0.0011862]},
{"name":"rp_nathan_animated_003_walking_foot_end_r","parent":24,"inverse_bind":[-0.0011862,0.0235736,-0.999721,19.0084,-2.79708e-05,-0.999722,-0.0235736,2.31385,-0.999999,3.20266e-14,0.00118653,-10.5593,0.0235736,-0.999721,19.0084,-0.0011862]},
{"name":"rp_nathan_animated_003_walking_lowerleg_twist_r","parent":13,"inverse_bind":[-0.000355983,-0.999073,-0.0430388,30.7267,-1.53353e-05,-0.0430388,0.999073,2.19365,-1,0.000356313,2.76471e-13,-10.6767,-0.999073,-0.0430388,30.7267,-0.000355983]},
{"name":"rp_nathan_animated_003_walking_upperleg_twist_r","parent":9,"inverse_bind":[-0.000918457,-0.999999,0.000429833,73.5019,3.94783e-07,0.000429833,1,-0.0410929,-1,0.000918457,1.81819e-14,-10.7056,-0.999999,0.000429833,73.5019,-0.000918457]},
{"name":"rp_nathan_animated_003_walking_mouth_l","parent":25,"inverse_bind":[-0.707107,1.15629e-08,0.707107,-5.16289,1.57154e-08,1,-6.36959e-10,-166.185,-0.707107,1.06621e-08,-0.707107,9.02755,1.15629e-08,0.707107,-5.16289,-0.707107]},
{"name":"rp_nathan_animated_003_walking_mouth_r","parent":25,"inverse_bind":[0.707107,-1.06229e-08,0.707107,-5.53845,1.57154e-08,1,-6.92325e-10,-166.148,-0.707107,1.1602e-08,0.707107,-8.98478,-1.06229e-08,0.707107,-5.53845,0.707107]},
{"name":"rp_nathan_animated_003_walking_eyelid_r","parent":25,"inverse_bind":[3.59042e-08,0.221051,0.975262,-46.7538,4.0226e-08,0.975262,-0.221051,-166.914,-1,4.71675e-08,2.6124e-08,-2.78402,0.221051,0.975262,-46.7538,3.59042e-08]},
{"name":"rp_nathan_animated_003_walking_eyelid_l","parent":25,"inverse_bind":[5.76909e-08,0.242532,0.970143,-50.5131,5.63111e-08,0.970143,-0.242532,-165.778,-1,6.86218e-08,4.23111e-08,3.08617,0.242532,0.970143,-50.5131,5.76909e-08]},
{"name":"rp_nathan_animated_003_walking_eyelid_end_l","parent":36,"inverse_bind":[5.76909e-08,0.242532,0.970143,-52.1931,5.63111e-08,0.970143,-0.242532,-165.778,-1,6.86218e-08,4.23111e-08,3.08617,0.242532,0.970143,-52.1931,5.76909e-08]},
{"name":"rp_nathan_animated_003_walking_eyelid_end_r","parent":37,"inverse_bind":[1.57154e-08,1,2.07496e-09,-173.527,-1.00298e-09,2.07496e-09,-1,10.4985,-1,1.57154e-08,1.00298e-09,-2.78401,1,2.07496e-09,-173.527,1.57154e-08]},
{"name":"rp_nathan_animated_003_walking_eyebrow_l","parent":25,"inverse_bind":[-0.707107,-0.707107,1.17923e-09,124.443,-0.707107,0.707107,2.39191e-10,-121.798,-1.00297e-09,-6.64708e-10,-1,11.7277,-0.707107,1.17923e-09,124.443,-0.707107]},
{"name":"rp_nathan_animated_003_walking_eyebrow_r","parent":25,"inverse_bind":[0.707107,-0.707107,-2.17643e-09,124.536,0.707107,0.707107,7.57997e-10,-121.768,1.00298e-09,-2.07495e-09,1,-11.5822,-0.707107,-2.17643e-09,124.536,0.707107]}
] }
